Sarajevo:43.856300:18.413100
Tuzla:44.538600:18.669600
Banja Luka:44.772700:17.191000
